50
56
10
29
29
26
45
53
53
17
34
51
15
38
26
35
41
33
35
37
13
33
9
16
38
46
38
25
4
59
28
17
42
24
6
57
6
30
38
10
8
12
55
4
39
33
23
56
39
22
6
32
20
25
32
16
54
50
52
36
30
11
25
20
11
44
35
38
30
55
4
24
41
46
20
55
51
40
29
30
8
41
39
26
50
32
55
7
23
41
22
32
56
49
39
49
44
48
20
27
48
45
51
28
18
58
32
20
45
44
3
19
33
8
49
8
25
39
9
54
37
43
25
51
28
5
39
56
40
21
20
44
54
34
29
18
40
9
27
33
10
9
37
47
17
43
28
31
33
39
30
41
15
33
58
19
53
45
50
37
31
41
12
33
51
4
39
15
23
38
16
32
59
46
22
30
53
58
30
26
17
35
23
11
40
44
59
11
26
44
34
19
3
13
24
5
6
20
3
50
15
33
55
43
55
13
14
35
25
48
41
7
13
37
36
38
15
58
17
45
6
31
27
56
19
10
51
50
31
44
35
18
37
50
20
54
10
26
5
45
14
37
41
19
54
10
30
6
27
23
46
3
18
46
5
7
17
2
4
17
54
57
12
20
3
46
38
31
6
24
51
35
56
10
16
19
35
34
20
56
55
38
36
38
29
9
57
29
39
46
34
56
10
34
26
7
44
41
24
56
41
49
31
42
57
44
39
53
20
42
20
5
6
21
53
40
38
54
5
35
30
28
37
9
51
28
9
2
32
4
29
32
53
3
22
35
21
30
32
35
20
56
33
5
5
38
32
48
37
32
34
50
31
53
32
43
48
5
11
19
30
53
9
49
32
12
17
5
15
15
44
26
37
23
58
26
25
26
42
52
23
40
16
55
33
20
52
21
10
58
6
26
44
22
21
8
9
26
16
20
30
44
56
27
24
10
38
43
3
23
46
51
42
55
23
53
36
34
19
53
28
18
36
26
51
56
6
41
21
39
23
12
40
3
7
11
23
31
22
15
33
28
26
13
10
17
53
59
52
42
31
10
16
39
29
21
8
47
1
32
28
26
59
44
14
58
27
24
36
47
14
9
36
22
7
6
4
6
25
5
16
18
23
13
57
31
53
54
39
5
19
57
46
23
50
35
42
47
8
8
