59
10
12
4
8
44
36
14
6
14
26
25
59
6
29
7
52
55
25
34
59
37
55
12
54
24
6
48
39
22
37
57
13
10
14
45
44
26
11
40
39
43
51
42
59
33
33
16
10
8
30
12
37
42
57
27
26
43
53
37
21
58
30
57
19
58
28
3
5
27
21
48
47
31
22
15
16
40
49
41
16
3
41
47
49
11
50
34
38
53
37
31
7
1
41
49
24
54
43
28
45
24
13
20
25
49
21
47
8
43
41
12
56
5
27
57
9
5
20
28
33
51
35
38
53
11
58
35
9
38
16
49
55
29
57
34
44
26
53
48
45
43
19
28
36
43
6
30
23
15
55
50
23
7
51
40
3
50
59
32
18
22
5
37
15
27
16
37
25
6
29
37
18
35
48
9
39
17
16
14
38
47
43
51
3
57
23
34
11
27
47
42
49
14
56
58
3
52
4
28
