52
32
56
7
17
31
45
6
25
27
9
57
20
43
35
26
29
24
28
31
14
3
17
10
32
35
40
6
26
46
13
34
37
5
37
34
29
34
56
56
14
8
40
20
8
56
30
10
44
11
11
19
47
17
53
57
5
26
47
10
13
30
33
17
25
53
43
12
3
42
35
40
29
34
25
53
45
47
45
31
28
42
41
9
34
22
48
36
33
12
31
57
37
41
45
41
6
6
33
58
4
43
35
17
21
15
9
27
36
22
36
28
56
8
59
2
43
44
29
55
53
37
34
50
34
44
51
15
9
57
43
22
31
35
2
24
43
27
28
33
14
40
32
58
19
46
17
31
54
42
56
21
10
52
17
54
20
52
19
22
16
38
12
26
38
37
19
35
25
25
15
41
43
44
55
18
16
7
39
21
11
36
47
25
28
32
57
24
39
55
30
29
12
7
26
23
8
28
47
55
30
33
35
52
23
31
24
33
2
31
40
45
13
14
52
45
23
55
41
35
57
25
19
27
13
44
12
28
5
40
10
40
24
19
12
23
53
4
6
49
23
24
16
31
24
7
29
38
49
31
41
52
15
41
55
15
39
20
4
49
25
6
11
38
12
9
39
28
10
48
46
20
23
19
30
7
5
5
2
58
20
18
45
33
34
15
33
18
40
47
49
34
12
53
9
34
37
33
53
46
3
14
48
15
24
31
33
24
55
39
23
33
28
46
3
57
40
39
16
40
37
19
41
6
9
12
57
15
18
41
27
19
50
57
57
58
41
35
44
20
55
7
6
37
53
9
55
19
25
20
15
59
20
57
29
11
17
2
16
30
14
26
10
13
17
5
13
55
44
47
28
29
26
27
35
49
54
30
14
55
26
53
42
39
14
8
14
38
24
15
37
35
11
50
30
22
13
56
54
12
14
26
17
46
36
38
6
48
22
34
38
37
59
51
1
30
4
7
47
54
56
46
30
58
9
41
59
44
41
8
47
50
16
32
41
6
24
58
57
57
36
3
12
57
29
20
28
39
56
19
36
35
28
22
21
13
26
7
16
6
36
49
59
24
51
46
55
59
57
34
38
7
41
16
29
59
12
12
24
15
38
27
24
47
6
51
59
33
54
23
39
8
26
58
41
2
45
21
53
44
