90.0296	48.5397
3.47301	57.3809
59.1937	54.1246
45.3261	62.4439
32.8166	24.8299
84.46	13.361
8.9053	8.67336
0.695822	49.031
85.6655	16.3671
95.9441	11.6428
42.8053	39.8785
50.9751	38.8043
77.7367	6.35701
76.1895	73.7754
87.2768	95.529
71.923	47.0443
35.4717	98.6816
63.9576	32.2916
98.2116	47.3983
29.8502	29.902
25.1747	90.1395
81.7164	81.1274
9.83612	44.7707
21.0578	66.0573
8.07215	5.24003
31.3334	88.4915
96.0387	30.4453
23.7922	0.848415
2.29499	72.2617
44.1847	19.2511
62.6972	52.9221
91.0306	88.992
92.4039	37.8826
41.4716	39.0728
85.7723	83.3674
58.9251	33.0271
40.9558	78.75
73.7327	34.3547
53.8133	27.3476
53.3494	58.5192
74.4957	39.0942
36.7748	32.1238
42.3841	88.2687
73.8792	37.4523
64.9678	39.3872
60.213	70.5008
56.2609	94.3907
7.98975	90.5942
0.451674	64.2201
43.7849	89.7244
56.3738	17.9785
73.6412	59.7674
68.3645	12.6988
6.18305	85.6532
99.2798	56.9536
74.3522	42.6313
51.1338	11.3346
46.3973	25.7912
89.1018	79.0185
66.7745	89.9197
34.4371	89.4375
17.5176	27.8085
41.9874	28.2998
40.7758	65.2242
27.8848	16.9897
13.0833	0.540178
63.0696	94.5097
12.0273	67.2628
98.236	5.07218
65.9078	47.5143
35.8959	44.5448
27.0577	14.6275
15.0792	68.7155
59.3921	32.963
24.4087	16.6723
80.8557	93.0754
9.06705	52.3148
51.3718	10.3458
87.3898	77.1447
46.9314	65.2608
42.5916	17.5085
10.4312	13.3488
5.38957	39.3414
19.9042	43.0342
93.0021	93.5881
64.745	9.42106
20.2338	45.4176
70.5802	22.1961
48.2986	90.3592
63.39	15.772
86.9167	10.4404
13.5166	79.754
15.3539	73.5527
50.1846	77.8985
38.0871	29.0292
87.1273	33.6863
40.5927	2.7131
50.0137	10.593
61.0096	44.5021
46.2294	65.2364
43.2112	31.5897
67.6626	1.47099
86.9869	80.5017
67.1438	3.63781
60.8692	71.0135
99.1333	76.9738
93.3378	35.1512
65.2699	73.4184
7.90735	14.3071
55.4765	30.8817
17.8442	37.6934
25.1503	4.1261
46.0341	25.1656
99.1363	15.3478
85.7021	67.626
43.0677	2.6368
67.5436	88.049
92.7488	94.4029
48.9669	36.3353
82.11	87.8903
91.0001	21.0608
60.4907	59.9536
38.5266	31.254
39.7504	88.1558
69.4662	51.3657
61.9098	10.3366
28.5348	22.4952
11.185	53.0595
78.2342	91.3083
13.3793	31.9803
65.6301	14.6397
12.7934	47.557
11.2186	99.5544
97.1221	65.099
83.9595	94.4975
5.02335	66.4998
94.467	48.7228
95.4558	4.83413
43.7208	28.6782
10.8951	77.1325
17.2552	97.9339
50.1694	68.4194
65.4988	38.6425
16.4434	70.2017
60.8661	42.7931
56.0839	26.4595
72.2343	51.2711
53.8987	10.3336
47.4166	68.9108
0.512711	84.5882
44.2946	33.6497
97.3998	48.9547
1.17801	67.9098
15.2226	27.5918
87.0724	90.3256
71.1875	99.6399
22.4189	15.952
70.333	76.0308
73.7205	14.7465
3.97046	5.57573
24.3294	53.1755
93.9055	92.233
78.8079	95.0743
6.34175	78.222
37.8521	6.14643
90.7071	25.6783
33.8755	82.7784
27.0547	36.8572
82.812	59.0564
17.4505	42.5398
31.431	27.3141
36.903	11.7008
40.8277	50.2457
9.4882	85.6166
96.6063	92.7519
25.3334	89.4803
86.5017	51.6282
63.9882	24.7108
35.9783	11.2674
39.9182	95.056
42.4848	3.42418
35.6548	69.5456
47.0809	11.4566
44.9293	45.1216
51.4451	35.5602
52.6353	7.15659
34.2967	6.89413
98.6908	29.6426
62.4531	2.98776
66.5761	63.9271
26.4351	68.5293
23.4504	54.8753
2.64901	91.3541
4.68459	49.7543
39.1766	7.53502
11.0813	69.0573
55.8367	63.7135
34.4249	92.3551
99.1424	14.7404
76.989	62.2944
42.7351	84.8537
80.5811	59.9292
73.986	70.3909
30.8298	54.4237
57.3229	12.2898
52.2355	80.3156
14.9663	16.4037
59.7247	45.436
15.6621	49.8001
82.2169	22.6203
12.0304	91.1618
23.9387	28.3425
17.2185	63.4236
79.0368	41.3648
61.3819	26.7434
65.1112	64.5802
18.7078	59.9811
91.3663	83.1233
45.5672	8.72219
26.9265	21.897
20.4047	28.0984
84.9788	55.6597
26.0445	98.4039
88.3541	74.7398
64.98	41.7127
32.194	59.5782
48.2833	17.6061
9.31425	67.1499
48.8266	26.0964
13.8524	82.4519
59.3158	95.9319
88.9157	38.1451
45.8907	86.3613
33.7474	55.4765
37.8277	80.5139
36.1309	9.62859
44.0016	98.4863
45.5855	72.6035
36.7443	8.29493
53.0168	36.7595
93.6918	62.8224
92.4467	72.1702
30.4117	20.8533
69.5273	20.1178
58.7268	81.0694
21.5766	61.3849
56.1388	84.7713
43.9375	30.0333
34.6019	21.3507
42.6954	35.0017
35.7067	10.8066
73.5557	12.1433
92.9685	79.4092
27.2622	30.488
25.5165	41.0871
98.0163	49.4766
78.9087	37.5744
75.5272	5.30412
78.5699	40.4553
51.3169	54.5
11.6276	68.2913
79.9341	52.8184
2.64901	21.8574
85.6288	97.6653
98.938	90.7346
55.2049	12.0609
31.0556	34.2418
7.61742	98.4039
64.1652	89.9747
80.9259	40.0006
5.78326	12.946
27.2927	78.6554
85.6471	98.587
56.6027	46.2966
19.3213	78.872
48.6618	40.8216
69.2679	90.5728
92.4345	82.4458
96.8627	36.5429
9.87884	39.2315
73.5343	42.1857
55.6963	4.37635
97.879	27.2042
74.337	83.8099
84.1853	2.48115
21.8635	93.1791
83.993	67.9617
84.8598	63.628
81.2555	89.581
62.0075	59.4897
51.7899	83.4925
24.0425	60.9973
27.5948	85.6044
17.6061	15.186
56.6668	34.5805
28.6874	8.0813
98.9715	46.4858
71.2699	61.272
49.144	9.11588
16.7669	6.05792
26.6152	74.2119
29.9387	38.2519
23.6946	75.6188
52.3301	51.5854
20.5817	39.0454
80.0897	99.2492
70.1254	56.7644
96.054	39.5001
98.4069	84.3684
97.2045	20.3223
94.7447	4.14136
35.9325	36.7107
67.5527	60.6159
19.3487	95.3429
62.8712	67.4886
0.915555	2.08136
14.3071	20.2612
55.1286	0.485244
40.0922	67.6229
75.8202	39.3689
52.797	44.7554
88.7204	97.647
97.3846	21.7048
18.9032	44.4777
83.1996	69.8935
3.73852	62.9353
25.544	99.9023
91.9706	15.2257
62.4378	73.7205
19.5593	77.6971
62.1815	44.4929
2.91452	23.6213
87.3959	26.9326
40.1257	82.0368
31.1228	51.5427
60.8234	50.6149
15.302	90.82
94.4121	15.0243
43.5377	83.3705
48.4725	67.2933
14.6886	72.2007
16.7272	33.4666
77.749	75.0298
1.94403	87.5301
13.95	88.6319
42.3597	79.0857
31.5592	66.982
89.758	61.6047
93.6552	0.372326
84.6461	29.4382
19.5715	73.6259
94.1008	66.7623
50.5844	31.5287
27.9366	61.5528
20.4627	29.6365
98.8403	87.7285
21.5705	98.5412
42.0423	8.5757
7.05893	99.7345
60.2222	4.60219
19.837	1.21158
9.19218	78.9117
88.9279	50.9323
90.0693	43.2478
83.8099	76.2261
63.4754	37.8521
67.4276	87.3348
38.435	13.1565
42.8053	51.7411
3.32041	47.3708
67.0431	57.9791
69.0481	32.9936
53.3738	94.5891
96.8291	63.5823
39.5367	43.1288
7.65404	29.1391
46.5926	17.2308
80.2149	84.875
85.1314	6.45772
31.7972	70.9464
8.55434	78.9605
22.8675	61.2934
79.0796	46.0189
75.8568	69.7134
61.9953	41.6669
13.9439	20.4535
54.8906	7.22068
80.7245	26.4901
67.0919	31.4432
70.2872	36.9213
0.961333	26.7312
16.5929	32.9386
13.7486	68.8345
99.8688	1.45573
11.9663	86.5078
38.9538	20.5573
7.4984	55.6841
21.3569	31.8827
12.9673	75.8324
86.6024	53.0381
17.0049	6.69881
28.5348	33.1858
30.0027	93.5209
32.2214	4.88907
41.023	58.8153
10.9928	35.4198
76.4428	88.9401
0.982696	93.4568
87.3379	94.0855
51.7838	65.5171
51.8662	96.0692
46.0524	21.3111
50.8988	53.029
53.0168	46.7696
95.8495	73.1834
70.7327	29.5938
27.9275	69.8294
98.4191	4.79751
94.1221	96.0265
44.9171	91.8119
48.2986	3.68358
63.9027	51.3291
93.1761	80.221
56.4898	40.022
28.7118	65.8162
31.8369	91.2046
22.602	4.54115
66.39	99.6124
68.4133	32.3374
52.3759	38.4106
47.0809	55.0554
76.1925	86.5535
57.3626	19.6661
17.2857	94.6043
30.8054	31.7545
8.18812	67.1773
96.9756	22.4097
46.2813	90.0998
14.4475	17.6946
97.9705	80.4254
33.2987	13.7394
85.8425	87.4142
4.61135	10.6479
99.4842	22.6325
2.7253	8.30409
20.539	47.2671
75.7805	17.2338
2.6429	94.7844
90.2036	87.6125
96.8871	57.094
84.7804	9.56145
63.3839	12.2745
99.9207	87.9055
59.6393	22.071
97.7233	44.377
46.2447	77.1935
38.5174	50.5814
0.634785	18.6285
29.4565	44.6883
79.4488	13.0589
10.8036	35.0597
20.1331	10.4648
95.5412	43.9253
22.4799	62.1265
27.9366	94.1862
0.619526	27.0608
76.6717	92.5657
46.1745	45.1064
28.1472	12.1067
93.1578	4.69069
95.6511	27.2805
25.2693	83.4742
9.92157	4.68154
16.1901	89.9564
6.83309	2.58187
43.5102	84.2006
77.7245	82.3542
66.9027	5.7741
98.0865	84.9544
11.2125	87.0388
0.183111	75.5547
45.0179	79.9219
5.23392	9.4882
95.349	74.2882
80.813	22.5837
89.1476	36.0302
39.024	99.0509
62.1174	43.0403
41.1908	20.011
25.5959	47.1114
24.5552	45.8785
32.0261	39.9792
16.6967	35.5602
53.267	55.7756
47.4776	58.6138
64.6779	83.4986
99.7345	31.7148
47.3525	54.7014
52.8306	99.057
85.1772	62.5233
