40
15
23
27
13
12
35
48
18
52
7
33
49
23
41
59
15
12
4
6
27
36
8
15
25
44
34
39
34
49
44
28
56
43
45
4
3
28
19
19
39
58
16
18
23
38
34
17
8
45
30
33
32
41
48
46
18
46
38
27
27
40
8
20
47
20
10
14
8
9
23
49
37
20
18
58
36
53
43
7
36
47
51
18
8
38
6
3
53
3
45
33
27
18
37
6
47
39
41
46
29
7
25
9
43
13
12
52
37
32
10
10
55
30
37
5
23
20
41
16
24
33
33
35
37
51
15
48
31
52
9
26
20
30
39
10
32
33
4
39
26
58
37
36
23
55
58
50
18
58
51
45
8
44
59
53
48
44
22
15
57
29
4
55
54
46
36
50
24
4
56
30
11
47
17
29
43
34
26
39
38
16
53
17
12
12
51
30
16
45
4
46
16
3
12
57
11
46
30
42
