37
14
47
15
6
13
24
26
30
15
21
55
14
35
4
40
32
3
55
14
41
34
48
31
35
40
20
50
45
11
24
3
31
27
32
17
33
7
9
47
17
11
1
35
12
5
28
56
25
10
20
44
52
39
42
4
34
11
5
4
39
54
37
5
34
29
58
30
48
8
30
34
25
30
34
19
57
28
47
53
40
35
57
19
49
20
45
41
40
49
23
13
49
5
28
22
18
26
29
50
9
37
4
40
56
27
39
27
37
27
9
30
40
26
54
13
18
48
56
8
44
45
5
51
13
32
26
24
29
18
48
49
35
6
11
21
6
7
49
11
34
45
36
6
18
58
45
31
48
51
14
18
59
52
42
7
27
24
18
10
13
26
6
38
44
45
41
19
26
4
46
47
6
51
30
25
34
33
35
26
57
51
26
48
37
45
55
8
26
7
58
13
49
3
36
45
43
20
20
10
