54
7
48
30
50
59
6
18
17
58
4
23
58
17
6
53
12
43
35
45
11
48
44
32
29
50
9
41
33
30
24
48
45
36
39
13
18
43
17
8
11
13
23
8
33
32
31
41
13
33
45
54
19
33
33
46
6
50
56
35
17
23
49
56
56
13
10
6
16
18
36
47
13
34
37
41
32
20
9
40
42
44
20
49
17
59
35
38
27
21
29
21
11
15
34
55
41
36
26
4
29
12
17
11
44
30
6
54
31
18
57
57
55
5
57
9
49
33
7
39
45
36
52
52
6
30
26
37
17
26
32
14
23
6
24
12
13
43
41
19
7
17
57
21
22
1
53
37
14
46
16
51
40
38
43
41
9
4
49
40
18
25
55
44
26
7
42
57
35
40
44
16
48
32
25
27
15
20
53
4
19
55
15
39
17
15
23
55
33
42
15
55
50
17
28
40
30
6
35
27
50
9
57
16
48
8
42
55
3
39
50
17
5
18
27
6
54
42
31
19
23
47
13
53
44
51
59
6
57
18
26
28
54
33
23
17
8
34
59
42
18
50
27
39
8
33
52
18
45
54
15
16
18
7
51
40
49
7
57
53
14
27
25
15
26
38
47
22
9
3
43
36
52
53
4
19
18
22
41
4
43
23
20
46
36
3
19
59
4
18
45
8
18
49
56
44
42
43
27
57
49
59
47
6
38
24
6
19
45
36
36
34
30
15
34
44
52
6
19
4
13
23
48
48
25
51
57
20
49
46
39
25
22
41
4
17
39
58
35
53
15
48
24
35
21
46
56
59
57
4
25
52
57
34
49
10
7
58
50
38
27
45
59
16
51
25
44
13
33
11
59
23
31
4
34
15
8
47
7
4
27
19
2
20
17
31
59
22
23
59
27
49
3
6
50
18
25
28
49
40
42
11
17
15
41
40
27
31
42
30
50
31
33
22
17
43
16
10
8
31
34
45
48
31
6
33
46
55
23
40
21
32
7
42
15
25
52
12
53
49
38
5
24
3
57
56
29
4
30
51
36
45
47
47
27
10
29
21
9
21
55
57
23
48
5
19
51
39
4
55
5
41
56
42
19
42
16
39
9
46
58
15
51
12
57
47
7
45
8
19
54
53
20
8
21
33
38
53
16
16
